00Yj_Niq6TI 13 1200.04 88
04kJtp6pVXI 3 336.419 47
06uWlqZUulM 6 942.586 74
086dGT4UwTA 10 283.26 38
08Hdc51yoe4 7 1200.067 81
0BX6MqrWku4 9 877.957 182
0RnD5ENMgMc 16 728.4350000000001 84
0WGPLKSvRLo 6 649.64 40
0XjuPV8HtU8 8 440.38399999999996 135
0Xnms6P7EF0 5 58.211000000000006 5
0ZFm2lFgZVE 4 512.377 17
0_Qs2mxHSg8 6 1200.002 106
0cmBXUyARKI 3 207.8 37
0djStqAuc_E 6 526.6 159
0fsDEuom-1U 6 154.77999999999997 13
0h5ZtqGnFGY 9 1200.12 109
0jUzX00oLak 7 758.9559999999999 66
0m4ajfyVkBY 3 369.4 15
0o8LVdTvw8c 10 212.689 58
1-nbsgKi_KU 12 1028.0439999999999 207
13iMUoK5fRA 3 631.543 25
16383ybn2QA 9 1197.963 140
19i2DvrW6sk 6 168.88000000000002 35
1OLz6uUuMp8 6 1200.002 117
1QdiBRM666s 6 1022.031 92
1VrdUYbHvyo 2 291.98199999999997 22
1X-iJEHyaX0 2 124.72 17
1_nhx4h2ZrE 1 64.586 2
1cX7FeXqpT0 9 794.463 175
1dUzb6RwOa8 7 1200.12 125
1emkkbCFok4 24 1199.8400000000001 203
1f5budnRTqo 14 128.982 35
1j3lcvPKOdg 2 341.544 45
1nA0Dq8EroE 10 390.544 72
1p4nmxYMu3U 1 128.8 13
22p93dMOgMw 10 766.08 380
23Q_7Vku2tc 5 84.787 13
243YZJXeUO4 17 1199.48 524
24tAGuJERGE 8 200.72 27
24vUhbI4xsw 6 231.98 28
2AHEw5dVBTA 2 216.84 11
2LSy3WYEMoQ 10 797.16 42
2NPPE6a7mSI 3 155.44 22
2OmDL8VPfsE 7 1200.0800000000002 167
2TIPdMO39jI 11 229.04399999999998 19
2_yf_lbUfsc 5 101.84 32
2e0fnSL3mSo 4 608.615 114
2i-tIlh9rhQ 10 89.523 22
2zKVvTKnlRI 7 463.669 36
33m4yPVi3pM 10 1169.2160000000001 147
35_DYciXLv4 4 152.091 17
36v9GSOFMFc 2 295.499 47
37j1ppCd3wE 11 284.88 56
3GLfyvOmxt0 11 942.961 138
3KmL2SkV7A0 7 238.464 49
3RfxS5Om3Yk 7 787.5600000000001 55
3YgcfCDBvkQ 3 521.08 16
3bp4_Xpqxsk 5 145.12 9
3dGVXmuLmEM 10 572.7570000000001 88
3dg7qf3oV1o 4 67.5 17
3ofjozfEr-U 3 1200.086 50
3rbMt1bJI4k 14 1200.0200000000002 75
3wVYTGKzbMw 2 845.3599999999999 67
43Xn30P0nPU 2 207.6 23
4A5ncMJ_Dek 4 229.315 33
4DKGXZ7Sx_M 2 881.5640000000001 62
4F_vNJBI9Ps 2 249.8 21
4Gxjtd8yIWw 8 685.522 26
4HOX6ZXwy1s 11 1050.936 226
4LB03NwNGsk 5 86.273 9
4MiRY8UWK1I 1 28.080000000000002 2
4PwMXvPXClA 9 1200.085 74
4QKanW8w5CU 7 1200.1 138
4d2K9zKoEGQ 5 551.68 47
4kZsGihcuKY 14 1199.96 69
4kn6Mho8Z00 9 1200.065 67
4nyGBQHIGFw 5 1171.299 166
4vMCbXdWEnw 2 566.422 160
4vNh5XVwxok 1 186.898 24
50I_YhPlCTk 3 52.098 4
51YkwWYcltI 11 1200.127 77
51vHHVg6VWE 14 1200.097 91
55aBvfPLWvE 7 198.424 16
5BJ_wTXjGrc 7 1199.0 67
5beeW1NJa1I 10 647.5200000000001 41
5jC5ZXwJ3cY 9 937.4 161
5qlLW60wOjo 7 1199.88 115
5t7d_YTOK7Q 7 1200.0 100
5w80woPkHSY 5 462.96000000000004 61
5zkAYWQCOjQ 1 278.336 11
63tPqfd0i2w 9 990.4879999999999 240
68r_-84IG-A 9 215.304 29
6AmiPzP0U0E 9 1200.08 121
6CgrXnXgy00 2 106.56 9
6EC2syHdzEQ 3 964.586 53
6MTyj2GVhxQ 2 154.001 5
6TnBqeIylrg 8 1200.1000000000001 92
6ZcAaOLsLFw 11 336.46 48
6Zv2xbye1W0 1 275.68 3
6_z6ukKDPfQ 8 1041.7810000000002 208
6az-1JokCN4 14 830.0400000000001 47
6iNhQfQcuC0 5 652.92 36
6kYu7-5EyU8 5 577.5999999999999 45
6o8vKwKEg2M 17 477.94100000000003 64
6puvBQznEsI 3 1200.1 326
6ubGDx03OK4 10 1200.1 177
6yY9-zf9kBM 5 1199.908 68
6zVaHvhfRj8 7 1200.0859999999998 112
7-1j5ySxzsk 3 613.0 252
74vl-1FCDl4 3 69.2 5
75CQbLuUHn4 8 536.84 286
7BGYYaaLrTc 9 1200.106 235
7Em5-ETLYQ0 1 417.12 70
7KHvKzpsQrA 2 428.752 120
7Orjss318Io 5 678.057 155
7R7tgYl0D-w 6 233.529 51
7ThN8aUGoTw 3 307.544 29
7Wu-UMKSATc 2 503.69 160
7a5NyUITbyk 1 800.9 72
7bjkirOD1kU 10 1200.1000000000001 217
7hHMZFwTnME 2 631.1179999999999 34
7j2PDAhk3wM 11 1084.59 349
7lgbEUNbpgw 3 75.78099999999999 14
7uhL1_hG9V4 2 85.119 6
7xE9HX-3Isg 1 64.982 1
8-piEGTEYC4 9 1200.109 92
804IDRYNtN4 2 100.24 8
83vzo2J09VM 3 996.16 146
89dstGVVU10 8 214.04 96
8B1-PnI61pg 15 169.64 26
8C30aCNd9Lg 3 637.338 193
8FLF0tuwhAo 2 185.223 11
8GVYMhgTZig 7 87.38 16
8GtoXDSlN3Q 7 1200.12 72
8HIvO2UYfIY 10 539.982 25
8OtMq2s0TyM 4 473.799 210
8PXere3540w 5 653.5600000000001 62
8jKRBPcMIpg 2 161.16 6
8kYCkjnjWqo 1 67.52 2
8psrsdyezkU 3 1200.086 170
8uJdg7dQTVk 4 109.52 4
8zSkGFKOnTA 2 151.04000000000002 17
99V2Fsclh_g 5 150.0 10
9M7tAsJLkqI 10 1004.8399999999999 411
9MULxcJrqPg 2 115.81599999999999 12
9MoHS_GK4dM 7 1200.002 72
9RaJ0OTbYPs 2 1200.085 206
9WMqVZmXjjE 2 169.27300000000002 22
9dysj_7o9DU 5 201.01999999999998 38
9iPBY5038PI 7 514.97 14
9kWDA2ZxKBU 7 198.32000000000002 42
9mncM6TU9Sc 2 75.84 3
9n4cZQXHwk0 5 1200.0439999999999 66
9p5_6eicatI 7 425.136 87
9r_ZXw3aCP0 5 922.7520000000001 171
9sdUPe_fXPw 2 132.002 18
9suHrzvFCWY 3 65.36 4
9v9tq3XUX9M 8 673.52 36
9wdRTRDgC2U 5 319.68 13
A-kop8kGfKU 4 148.07999999999998 13
A3Hmxkdavck 2 259.03000000000003 15
A4NGR1BVZ7M 1 111.377 11
ABFNDoqgFms 5 370.0 37
AG9-Q6UabfQ 2 258.88 22
AM8o3H6GIFI 4 1200.08 7
ARffPbwTB_Q 4 173.4 14
Ae3ZUSf0kuI 9 914.462 244
AxsOn2TA6z0 6 681.2399999999999 17
Aye1vwg0M58 10 1200.1180000000002 65
B2AMCetaZ4U 5 419.24 17
B85RFk2UNYo 12 443.08000000000004 58
BA77LxQmWrw 8 1200.08 339
BBpOBvaZQNE 2 207.36 28
BCNYhlqonEw 45 1199.84 614
BFQG0Bfqaoo 2 789.42 37
BFpeba49Ebg 7 213.584 25
BJ0ls4rfdKQ 7 590.608 41
BTrVYovol4Q 1 149.74 11
BVzZmHQTL8c 2 147.2 11
B_QONYRrL1g 3 587.12 63
BeVXoNYtN80 5 1151.44 108
BghUmmt0n3s 9 718.72 85
Bkk7mECi4hY 5 150.107 8
Bq8NHX9RDJo 7 1150.752 277
BqX1dlg7TGQ 3 252.04 13
BsBZvPuIPzA 7 1200.086 96
BuBfTGraUT0 1 466.68 46
By_5cEhjQjU 8 1200.002 221
C2-m2Wb3LPA 4 563.8 9
C3RUCjt2jqY 4 79.982 9
C3fNy1Rb0aU 14 601.24 88
C788fToexbE 5 145.36 10
CFXda9Sct9Q 4 81.455 18
CJjocN4ecfU 8 173.321 17
COcH--KMt4M 5 1200.0800000000002 383
CSwSxWbX5UE 4 173.669 37
CV8jNTq3wAI 3 240.044 29
CWlMganmehg 6 201.38400000000001 32
CYD4VTz2GX0 8 891.127 148
CYGo2gcs-w8 14 1200.065 96
CZRFHu71wiw 12 536.0 33
Ca9gwFVgAb8 4 323.12 13
CbZfjMvaspo 7 1200.1100000000001 86
CcQIK4lwWgI 11 348.392 48
CiQ2x3BDFmA 2 82.47999999999999 4
Cm6i0YfNK8Q 2 167.92000000000002 7
CquvCsFykN8 8 1200.067 228
Cr4Azx8qATI 3 1200.104 232
CsIpQpR2ZaI 3 375.1 37
Csjw0L7J4sY 11 1070.52 271
CzBkFF-aB_Q 6 291.20000000000005 31
DJKOO93cIAA 8 143.00199999999998 30
DLVwwWsbLzY 4 659.63 80
DNSvLCJWhgc 8 1200.44 69
DNTTqRe7KP4 6 1018.768 162
DPDEAMUGI-E 2 120.565 5
DT38D1C3_ZA 3 341.16 9
DUE8eSelnbY 5 378.898 26
De84l76OWOA 2 268.199 86
DeuPbED7aZo 7 922.8530000000001 231
DmEweniA2yc 11 1028.503 201
DqWN31TPUV8 2 1196.04 77
DqsBCKxKiD0 8 1200.08 332
Dt7N1QVRbMU 6 1200.046 50
DzSreZoWhPE 12 693.7909999999999 71
E1UWvlf2fk0 3 113.794 13
E4cR_ttL0N8 10 1200.1000000000001 61
E7J1VP6JaFQ 7 867.8770000000001 250
EORFcCkwt-c 7 184.299 28
EQUHG1_vhWU 3 670.97 359
ERgvEiowwGM 2 143.71099999999998 8
EU9pDOjQoP0 3 101.711 16
Eb8_3BUHcuw 7 1200.1000000000001 361
EfV6SJm2Tw8 4 175.744 56
EgCTNS6rYu4 1 40.376999999999995 1
EgYp7bbBSEo 4 175.88 14
EoJ3AwwOBD0 9 888.04 156
EpJ8yKGl0Q4 3 140.38 16
EpU330bILtM 6 215.04 16
ErNrB7ZH3xk 3 132.336 34
Eu8KYLDup9I 4 1200.1 270
EuLpzLtlbVU 3 49.377 4
Eussp_ssfbI 19 601.2800000000001 190
F1NnCOSOxgA 5 90.669 6
FA-fLjbIFhI 10 942.946 142
FAzSK8PLmGI 1 21.972 1
FK03_Q4jwSw 8 1200.115 70
FM8K0MyhMR4 1 69.53999999999999 6
FPJpUE407-w 7 1200.087 193
FPg89qonG0E 8 1200.08 470
FRlI2SQ0Ueg 5 1200.074 306
FSF79uS3t04 6 1199.96 109
FVHFDTIoMKc 15 466.535 57
FbX9UflVGys 3 343.1 17
FfZzi-FdTqk 11 1200.12 82
FfqUjTyb4sw 9 1199.6 103
G0OcUxsM0jw 10 188.211 26
G1158ysSkpE 9 1200.031 88
G4ROcoq32rQ 3 245.704 40
GBhaZixX8MI 7 92.523 23
GDHK-qpTccM 15 1200.08 59
GDfdMDmq4T0 3 1199.8400000000001 68
GGsebUeiKiU 3 56.92 7
GUWHGWqn61M 26 996.0799999999999 67
GVlxKaE9Swk 8 765.3349999999999 51
GWrYMPVPUhQ 6 310.66900000000004 13
GbmFeEIKBFI 7 1199.245 160
GoTTjO6qSbs 11 654.9599999999999 38
GqfSzPqrLPk 2 1199.96 173
GrhIFFiAyWA 7 184.587 26
Gumj-hVakIc 4 691.861 218
GvLaosr3VOI 7 202.898 47
H-B1vWFdPXo 3 225.32 19
H5bE8jJgeb8 3 26.304000000000002 5
H8UiwPdZQa0 19 565.163 117
H9Qt4VyvbUA 11 942.702 67
HBqNxMpDyMI 6 988.9100000000001 116
HDTue1_7oKo 15 1199.795 93
HDjyuHYo8Ow 8 174.86 25
HDtln63qOfs 2 77.0 3
HOJGxPd_yDY 9 1200.086 199
HQqVYqSvu9I 7 423.92 15
HUkoMzlZkNU 6 640.755 194
HWdldOqhr8o 6 981.835 130
HWjJ38bSuUs 2 179.91899999999998 7
HX3seEcq65g 5 121.2 18
HaN6YPd7gQA 7 483.96000000000004 62
HfUsjmUdC7k 9 541.269 41
Hlt3rA-oDao 7 223.6 86
HrG8nDDd3GE 9 738.6800000000001 115
HsHOIs2Pn7g 8 1200.12 107
HsjePw31kC0 7 1200.1000000000001 63
I1FMPoUaTbw 9 1200.1000000000001 39
I8-Ae66hEtg 15 246.825 80
IEJKAIyvwRs 8 867.398 198
IHfv0YdVnpg 5 611.12 65
IKqs88zIAGM 5 724.92 37
IPX03cba8O4 9 1200.091 107
ITyHYWO0VCo 5 562.1270000000001 106
IZ_SFbaysHk 3 308.69 104
IcNyCmBTJCY 12 1199.9599999999998 408
IeS95H0fo7s 2 191.232 10
Ilx7ykI-6FI 1 62.7 1
Im472hyq1ig 8 927.044 142
InSe5oa6BG0 7 1200.125 119
IsXnwF_yj70 5 319.3 26
IwdwWCSV5_w 3 83.01899999999999 12
IzkZQb7FUaU 15 295.687 51
J1Mkn3eTORI 9 141.227 20
J243jpdy7p8 7 611.065 47
JHQaDZ-Otho 8 1076.257 178
JLSuVGuvE1w 12 724.52 45
JOyFi3igQOE 9 1151.6019999999999 299
JT9QNVE-I6o 6 163.369 19
JUiwmZHS-ao 7 1200.065 160
JV5M-K5E5ok 2 193.42299999999997 6
JXAP1Yp-edE 3 421.12 26
JYW9FMASLM8 3 181.88 16
J_ryHQrYwjE 8 869.947 154
JbTGRLudXuI 2 94.565 8
JjEas42H2Oo 7 297.264 25
JoBm5b3MEDs 8 245.764 15
Jt4jTfqqlxs 3 252.12199999999999 17
K30C5Z0aAwc 35 1200.0 338
K3iUfORurqI 2 172.023 15
K8R4WVFeZIo 4 1200.12 44
KEkv6RxFsEU 6 920.617 104
KHU0NtAnuWY 3 556.135 155
KP1j7sYnkPM 4 138.98000000000002 11
KQndPmAWP90 9 879.7959999999999 225
KRo5kvn4iTo 2 292.68 16
KVZY4TJNV2s 6 1199.94 64
KbQB4lfSubQ 9 1200.1000000000001 71
KeW7Eqcwjj8 4 56.544 7
Ki0lra9JY3c 9 194.64200000000002 30
KiMY5Ikkt7U 6 1200.12 51
KjfYnv41VE8 2 174.14 30
Kn9a0xVxJT8 1 212.35999999999999 7
L7dnTm2Bid0 8 1200.0 41
L8n6pB5_jx8 4 1200.116 141
LBm0O_TXYgY 29 1200.0 352
LBxnTGmICJ4 7 1200.12 96
LGq1a4B3r-A 4 254.24 21
LJItEJz6k-A 2 385.28000000000003 26
LOKEN9U7UzA 7 1112.782 218
LQhDxXOPQqI 6 131.24 7
LS_-ZMcGnow 7 232.815 20
LVgQDmj4ewk 8 775.211 90
LZHl-wJ5nj0 8 1200.0 75
LZY3a6TedQw 2 294.64 10
LZj324t9WOQ 6 1200.1000000000001 73
LaCJBk4892c 6 272.766 29
LayjCBq9HJk 5 167.6 10
Le7JI2UFXPw 11 1200.048 98
Lh7f3rpwPL8 3 26.064 7
LjIFE55yRKQ 4 50.84 10
LjNPGOzyXss 11 1200.06 136
LmrViFUKals 2 359.94 77
Lodig6J0iMU 8 1001.8770000000001 197
LoldJNDLZHc 5 1199.404 451
Ltt4U92uWzc 3 72.78 14
LwYFA-FGa_U 5 482.398 66
M4sJgn-Kg84 4 534.711 124
MDwd_KPx64E 3 178.873 37
MQE1Cptqn4M 9 224.95999999999998 17
MRzkHgMaPL4 7 538.52 61
MVZIyELweTI 10 871.153 177
MZkaVzNrT7c 8 1200.1 268
M_uyEwIx3uY 4 108.74 12
MauZdBmffo8 22 961.955 219
Mf2FUyB4iJU 8 1200.12 62
MrnCDKB1hE0 1 720.086 37
MryC6qC3FYA 15 1200.1200000000001 70
MrzvEPr-5Ok 5 329.08000000000004 29
NEoOJ0uRskY 8 352.351 83
NOhawF13K1I 5 404.959 126
N_YPyWCMFOg 3 398.773 44
Nji45stvN7A 6 946.1899999999999 89
Nqe7JRJ7LjM 2 303.982 56
NtfvysPcSKg 1 30.76 1
O2nQw-yyKmU 7 329.54 22
OBA3RT3i4aQ 6 188.002 11
OT3wucobVis 3 126.76 32
OVdl6lKxG-Q 3 121.76 15
OWWhVJgNONs 2 466.817 109
OaCbmBRh9wY 4 1200.0910000000001 82
Oj9nE3-_QhM 4 98.64 14
OmfzA9zbWSA 3 137.1 12
P0m9EF5M0eY 8 585.913 39
PAKaVmcOPBY 1 652.42 16
PAmPikBGnt4 4 543.72 55
PFtJtvP6dwY 2 296.7 5
PHLZhguYYqA 4 1200.08 54
PJSQFdS9-rQ 4 377.6 109
PRF3r3zUGqk 2 101.0 12
PSAT9cJVocE 3 185.16 15
PY3UflgYD5I 6 269.68 17
Pcvbv7rfSpQ 6 964.88 299
PeDLKKv6VnI 7 885.636 182
PkO5GvCF0HQ 4 256.737 89
PmwEGMwOmpw 4 428.79999999999995 71
PsTHHZSPXCE 1 634.7 38
Pv567Kr_oTM 5 702.163 308
Q-gjmSZiSXQ 9 1200.1200000000001 92
Q1famtfGw18 3 395.82 11
Q6Gce5wEue0 1 1200.075 240
Q91AUJWt5_s 2 46.400000000000006 2
QC27z7-u9qU 7 1192.816 326
QD4csGWPo6o 2 84.67999999999999 3
QH4RWDfGmvA 3 705.328 11
QJyZGc2g6CU 13 1015.6270000000001 125
QQNuSYpIS9Q 1 82.81700000000001 2
QR4nvYLFJCg 3 170.98000000000002 60
QW3OMN2a5OY 3 48.522999999999996 7
QabHUUwC1tA 5 371.64799999999997 42
QcAxBorsJjQ 2 506.35999999999996 25
Qee1fUxkIDQ 9 133.2 18
Qf2KyaU5C0Q 4 77.33200000000001 4
Qf8ysudrpvQ 7 171.214 28
QhaMLN_-F1M 5 157.815 22
Qnrznkh43nM 2 363.061 19
QsHnjY1dYMk 1 58.42 1
Qtqar0l6Kjs 9 869.56 99
QuxbngHetmM 11 511.87 51
QvgHS-IHY_I 7 191.002 26
R31cYpkumss 8 140.51999999999998 19
R6Brau51Lhs 9 1200.003 111
R8h4XkfwAIA 2 303.64 42
RAOC-nw5VVc 21 596.12 235
RBrVla0FIW8 2 193.60000000000002 26
RDc6vwnYYTI 2 552.794 146
REtskA31Xp0 11 1015.887 201
RLCTZ8w7vjo 6 1198.648 74
RMhsJGAnlWQ 10 1200.104 95
RQKW8DR2ggk 9 1200.09 28
RYfAeokwt6c 11 781.0400000000001 92
Rb1iZd-GWaU 1 84.502 1
RbthDNZTWPk 5 635.0 26
Rw5xjd6yml8 3 202.04000000000002 13
RysLTMNUz0w 5 79.92 12
RzxlaCLk6c8 4 97.26 9
S0DKSWZ_I04 13 626.6800000000001 181
S6-UC8yr0Aw 2 97.94 18
SAtnM1MO8yA 5 85.8 11
SD3e1rlhcS4 12 1200.048 71
SE7hOWt-I2c 3 237.732 10
SFdAwqyMRVo 2 1200.021 138
SOzjZfv-7j0 2 232.866 37
STGyHMWxCKw 4 171.39800000000002 24
SZThRJ9pflc 3 172.411 9
S_4GsYiR3-M 5 931.3969999999999 145
Skp9IuS5j2E 5 171.8 46
SoVl3hb4gyI 1 1199.752 86
Ss9WRBI3BPw 4 1199.8799999999999 36
SsuXGPehys8 2 346.8 9
SxgnamNAjrc 15 634.3149999999999 107
T0dsyiRZzwA 14 1200.088 53
TB-CF8p-HrE 20 1200.0 285
TFvWOQS0V3o 3 243.28 4
THx8BiZ2Brg 1 137.127 20
TJky6wuLPxI 8 1200.12 108
TMESz5b15G4 5 1200.1000000000001 183
TQxEEQZBmAs 20 1162.682 131
T_Z-h-UaL4I 6 87.44000000000001 30
TiEwNf1H_Tc 1 326.52 5
TlbH0F3OzKU 2 351.357 98
TombdqZqfG0 9 1200.023 71
TpguM7Oz1Q8 2 1200.1 98
TpyaibC4Ako 7 240.95999999999998 31
Tr2Df2HWcDg 3 141.184 10
TyQD86Ld788 4 53.36000000000001 10
TzlwacQzOwk 11 319.14 38
U0LQ-EBKJzM 2 103.5 2
U4p-rsLV10E 5 55.729 7
UDoXb1_CbQU 4 1200.0 173
UHDgFrx10Js 12 1200.0 85
UJJ_o1g7Ik4 1 198.2 22
UJwDym5Ky20 6 337.28000000000003 23
UWA5MEmfXFc 5 238.144 55
UfcLFv6ch1I 5 904.359 172
UgM-XbB4mec 9 995.649 145
Ut7e-0X8lds 2 496.66200000000003 142
V-3L3oVvvyg 11 246.96 25
V1Itbaseh4c 8 211.33999999999997 33
V36XMKF4Kgo 11 1200.085 77
VEI2wAnoIec 9 1200.012 90
VEh7V9_uIqM 4 850.0799999999999 33
VEm2WgE86l8 6 672.82 77
VMsfRIf7wKk 12 287.91900000000004 52
VNjZHZ7kpM0 10 565.711 94
VUf1qvIZR5A 4 138.038 11
VdYEbwuAd2s 4 1200.0 58
VhcvqVS5eww 6 709.64 40
W17ncR-NGlI 7 141.586 24
W1OP_vFE7Cg 8 1200.101 110
W2ZkNvf5lhY 4 1197.561 94
WBxH5fu_MjQ 2 505.35999999999996 143
WE4v082VXIU 2 84.81700000000001 9
WGiKmyIXQrY 5 297.0 16
WL7ZeuA74OQ 3 103.1 9
WOQQU0-fMm4 7 192.68 13
WPZfIKy7LWo 8 290.9 42
WayGLAhSJv8 7 1051.653 137
Wiqq1c2CXXI 9 1200.086 63
WnZf-_feJTk 5 183.68 16
Wo-AcUIfq1I 4 76.88 22
X1OwpyQux9c 5 322.377 16
X1WVZ07fTDc 6 279.24 60
X6OWbVaY3xs 3 420.247 75
XGErDA8fjMQ 8 1200.1000000000001 421
XLY7bPBSUm4 3 837.04 106
XN5yj6I3Tvo 9 219.97199999999998 35
XP5mdOZ3q1M 9 231.419 36
XdziZaUUXyg 7 658.48 81
XeWkC-OBR8o 7 168.98 16
Xm1yKMh-4qc 6 1200.098 98
XprwVdsM6V0 4 1200.103 44
XxiqoXAqqtU 11 1200.1200000000001 107
Y0egeC4zG68 5 932.9050000000001 209
Y4QhJKWaJPo 7 613.252 21
Y5LMg3R2R_c 4 151.8 9
Y8zsUyQ-chc 7 451.372 41
YD14G9cUNN8 19 1199.56 56
YId5vQ6H3Zw 25 1199.96 86
YKXPlkhLIPw 20 1107.6799999999998 465
YVUM12gjPFI 1 647.077 60
YWxwRlyjm9U 3 187.16 9
Y_yadK9nMZc 7 303.629 26
YhrnIRNwQaw 7 120.48 15
YquKNRv1nU4 7 1200.086 74
YrWG1U2SILc 11 1126.073 124
YsFItXMCKJk 2 718.19 182
Yuh4pukzEiI 5 167.658 25
Z101cfb5exA 5 40.127 10
Z4nwEmfPlCI 9 1200.1200000000001 77
ZJhBTpYtBLM 1 39.08 1
ZKi-mvW72sE 4 1200.1200000000001 143
ZMKDoQ3qk7k 2 681.971 19
ZOt6to3XjrY 2 29.64 6
ZPwkXXsNZDE 4 1200.003 67
ZSQvBveqORc 2 773.78 150
ZSebHBisuRI 3 165.9 6
ZayrUyw6o9c 8 198.85000000000002 35
ZeLsYz0lkbo 7 1200.12 68
Zfokn2n0G0c 8 1200.377 75
Zg4vXPqOJzE 6 891.0129999999999 83
Zhk9iWjgeEY 6 1200.12 38
ZiL2zv-cowE 5 85.11699999999999 7
ZlrfS_ipbxI 5 470.76 23
ZmraHylEOpc 2 196.53500000000003 11
_2S8UUSKSDM 10 1200.086 117
_HIWrzomGXg 3 807.84 29
_KANvQfYMyo 3 117.02 16
_LnAtMeSVeY 6 1200.112 278
__V80ebkVWE 9 469.14500000000004 36
_gMTpRcEwyc 17 919.836 136
_koGEiIxw8w 8 1108.24 61
_lTlX8KDcwo 10 415.64 238
_mtxxprIWhM 12 1200.094 100
_nMHQ7lTHsI 3 395.84 54
_p7CjbVkN1w 1 660.898 2
_yni2fy-AnQ 3 650.308 166
a9jlDNxsSxM 9 811.428 150
aGpswWOskxk 7 280.367 14
aH0IEAwlLdM 8 1130.649 166
aJB9JlZYZmU 6 189.60000000000002 20
aKvoh58D6aA 2 86.315 2
aLEOqR_HTqk 2 34.732 4
aLoCFK8a_Fo 3 310.25199999999995 54
aMpmb_v4Alc 17 1200.0 262
aN55bPq-Lmg 2 81.0 8
aP6w4tvzfFs 1 115.768 14
aYkZvWGFxnM 4 1200.113 47
aYsZv9JXmio 4 391.531 124
aZDAfPjTX_k 8 855.773 237
aZv8rFRZrOk 4 311.44 8
arL7dXRbk6Y 1 118.865 3
auirx8lPjho 3 290.839 92
azx_ZnUupF0 4 84.876 7
b-6TzL7g7RQ 9 1043.987 81
b7VTpykNmBY 13 1200.0 62
bE-kBITP-fM 3 266.532 13
bJxfRfERybs 4 149.32 32
bL3zR0ctykQ 9 1031.48 65
bNFfsRKbaNc 3 387.148 16
bSEVG-0PfvY 9 358.03999999999996 15
bUtSRD9WA1A 8 265.44 21
ba5I3B028hY 6 789.614 73
beSOP_HUTe4 4 172.6 11
bf52RyQcIpU 3 164.24 3
bhRt2CefLGQ 8 788.477 130
bjNQot4wIG4 7 161.22 16
buck3teie6U 1 48.12 4
c19IY9PEj44 7 351.522 41
c2D5Sr4fN9U 7 1200.08 60
cBU3s23IU-8 16 288.464 43
cLeilyxT7ZE 11 1200.06 84
cNPz2pjw3P4 4 484.607 26
cV9Bwo66CAo 6 847.607 142
cX7hni-zGD8 13 1200.078 73
cXO5vUUXmxE 3 87.607 20
cXrgNbKXBh0 4 456.99399999999997 64
c_YrfB7vrOs 5 251.832 14
cjo16hzVGt0 4 185.76000000000002 8
clTBwXPMhmA 10 1199.96 192
cnSMSWE2V_Y 13 260.169 34
cq844C4OiL0 3 575.202 56
d5SN3j5IKjU 11 904.211 238
d6kY5cfuiJs 5 366.82300000000004 23
dG2GYlzcCo4 15 1200.092 185
dLIBIzO-mfU 10 1199.2069999999999 57
dMgRH1Mi8b0 2 254.58 2
dY8K-Na3NuM 8 996.8770000000001 157
dcWk12vjCyY 2 45.74 6
dl8r71yecDo 6 1200.06 84
dp3NADnSD9w 5 600.0 27
dpkakyQY9ck 3 178.98000000000002 48
duEGCAEUrGs 9 902.211 178
e-f37cibaFg 6 1200.0 56
e0w9l2mNmN4 1 1199.752 9
e1qoey3FgtQ 6 1012.9870000000001 149
e6zn4UlO0fU 3 249.84300000000002 85
eEsarUUJUxQ 11 1200.0 318
eM9dEwG_5eI 2 138.648 9
eVXYjRa24Q0 1 592.4 19
ep6c37lwaMk 3 222.96 14
eure74A9HNc 1 602.467 22
ewM1NvM6EqU 9 1198.48 85
ezzEbSflt9s 9 697.2520000000001 309
f24y3bSOa4s 1 63.0 3
f3VxiBr3RCc 5 74.72 7
f5NJQiY9AuY 3 391.68 53
fJWNeBBNK4o 4 130.76 6
fK-WgkEv1WU 6 1200.119 75
fLN-TqQJFQY 3 292.0 19
fNycTtAzAA4 6 1200.088 262
f_wbpmXnmek 8 120.39999999999999 15
ffG2EdYxoCQ 14 1200.0169999999998 46
ffq8fTk5QqU 9 1063.5020000000002 257
fh6bVzQqO_g 2 85.78 3
fhPeH7LKnyk 7 1200.0710000000001 152
fkcTNwaWxxs 4 275.44 10
flPPzLbL6Iw 10 181.44 21
fvy9W5d9p0A 10 220.06 26
fylwjOVrZMg 11 921.634 369
fzF58QZdznU 3 280.442 20
fzPRPrPPOQk 2 96.92 8
g39mn49yR3I 10 606.16 30
g8UFkKvJKCY 6 636.72 33
g8j2C_4NtQw 9 1027.623 192
gDUFvLWl-Oc 11 468.315 64
gGx0n7DvYC8 5 1199.961 77
gJc7QcD0HM4 9 207.357 35
gKVIGqjkn5I 4 1200.126 66
gQmq5rnW5tM 9 1143.942 246
gSrN2zIRwN8 7 1200.1200000000001 109
gUYVGwLA8Es 2 1199.919 172
g_YgHgMLa4c 2 378.898 23
gb4SshJ5WOY 6 1199.6 176
gcxGR4mgWa0 4 581.877 56
gjwwdfvWjSs 3 686.294 66
gnyQZUG-2M0 12 932.752 184
gvAUIxsAReE 7 208.07999999999998 27
h0gWfVCSGQQ 2 1200.1200000000001 39
h1mA4D3vqzg 3 400.94 20
hCL_Pwy5ReU 6 1200.119 124
hCiAn35h_nA 2 236.70700000000002 21
hS4fTxnHGKw 8 299.558 53
hTkk-MOjCfo 5 797.371 296
hV1AwEHKU5o 2 406.55199999999996 19
hVwA9kcIh2o 3 1133.0 44
hWzOHd6Pxdw 8 97.88 13
hYbl5bTs2KQ 9 1200.1000000000001 110
ha1ljAbOPnY 1 43.751999999999995 1
hbLE4Q11PVw 7 289.959 77
herYV5TJ_m8 1 298.14 29
hfzepH7wS1A 1 565.1999999999999 33
hl0Epp6Om8A 7 109.961 13
hnus-GiMGXU 5 284.419 16
hpB7WIr46r4 4 829.86 127
hzMglG6bTqQ 13 185.732 33
hzmbCSHcSts 2 459.14799999999997 108
i29PMatGBRA 3 159.002 32
i53LCY3OIsw 3 1199.96 77
i7mqjhOYL-8 2 340.815 94
iG6jDpDO8Gw 2 131.898 2
iJtdtxPrN4M 11 454.03999999999996 18
iRRbsSH_mXs 12 533.288 44
iVK16nbNmaU 6 225.34 17
iaNLH5aIt10 14 1200.1000000000001 120
idKp6JHrRRE 12 1200.1000000000001 149
ihP926ccYDw 6 959.4689999999999 100
inJ_Td5Dbmg 2 1200.12 111
iovKlisBCzU 5 381.92 31
irS_5-eVFUo 10 302.77299999999997 36
iteBI0xduqI 9 1091.94 165
izTvCAhfFGE 5 541.62 47
j208gIx-Os0 8 759.0970000000001 162
j3CE4Do-lhY 6 1200.079 140
j4ogfo19kaM 2 406.05600000000004 45
j5Rk1UCCXic 10 1200.1200000000001 80
j6lIbGGA8Z0 5 157.51999999999998 20
j8X1XfATKeA 8 915.836 155
jAjRGJLmQWg 8 427.0 51
jBqoH-qx-os 9 699.6899999999999 59
jKz1BDHC0ag 8 1200.1 98
jNh8EzfVyrs 3 111.0 11
jOdDHAMqyeE 5 534.2 9
jW5UEkez2fQ 3 119.502 13
ja0kF9piIL0 12 1200.0230000000001 82
jdWM9d7sdcM 4 163.6 24
jgSstbX-ToQ 6 755.76 47
jh04nvq4bqA 3 69.14 12
jlBPKWdhBak 10 1200.1 78
jm_zi4ZdOeo 6 233.92000000000002 21
jsX-mf0fM14 5 490.91999999999996 39
k2g6R0a4IpY 11 517.093 144
k9BAfMuR8Dc 10 1200.098 117
kHdwDb54fNY 6 175.544 22
kVj7EbE0KPU 8 1127.36 162
kVooGIf_KiU 8 1200.064 77
kXu98yxeIAE 5 241.96 50
kbSAaUbinVE 7 1200.023 90
kcn0EhHtqHA 18 1176.8400000000001 86
kfagyAlunHs 5 1200.1 124
ki4UKsI8bms 4 363.968 67
kjCh1u8SQlE 5 411.70000000000005 28
klDbFuxmXrA 19 1200.0 397
krpWD0XnFUc 5 166.3 18
kwEj_rwMgDY 10 275.544 24
kztkcj-WAvw 2 58.086 13
l2eTo1et6VI 2 566.96 55
lDX3GqwV5r0 5 117.14 23
lE7lhYHBCOM 3 230.44 51
lKzaH6_-F7M 6 203.82 20
lMjYodM5nFY 9 1126.19 269
lUVG7_uDWSg 2 464.71999999999997 6
lUax3HOuGMk 3 98.648 15
lVFcnfSzrj8 1 86.02 2
lZC4GUMzGBA 9 1199.961 79
lgA0fjztqaQ 13 602.12 72
lm12tjVEnTk 1 417.20000000000005 18
lv4maB3Vx6A 6 243.4 24
lxiZZORxUPY 3 139.336 17
lzVifCZIe48 8 861.463 127
m4riEU1_Bgo 3 377.0 134
m9boS2Lh3DY 1 28.482 2
mBeFJrrYcCY 1 979.94 28
mDeR_txFsiA 10 1200.08 137
mDsmFmjAPqs 8 515.932 22
mECNDjOB3hM 7 1199.237 153
mNED7GJLY7I 3 1200.0639999999999 65
mWhWDYnvOkk 4 968.2399999999999 42
mX4LSWBZ1u0 15 1177.535 458
mdazqJwBZLs 8 504.98 22
memBb2OgT2g 7 635.461 19
mnaXN9tM21Q 2 299.96 38
mwWQgiUbAGY 4 315.137 7
n-_1GOXt43c 7 149.70000000000002 17
n1MM_6JRD4A 2 1200.044 113
nBduoCOg9IU 9 1200.12 61
nD3AqC2MQgQ 3 797.964 24
n_Jmi3eZutI 1 48.0 1
nf3PbdgMzIk 2 43.306 3
nl2lev8yWmU 6 227.48 15
npsc2nsm6nA 4 122.42 12
ntNTRgSeBgc 11 121.919 26
nv4B3UmWpdA 6 202.396 84
nySKCIVEl7U 7 905.36 103
o4tUC4E_EJU 6 1046.517 39
o6EWHCFikAQ 7 1200.1200000000001 164
oGqWlSBjAT0 1 194.648 3
oHtoFXmjYTE 6 164.3 14
oKTf5aR4-14 15 792.098 196
oNvrprPk30w 11 1148.7520000000002 284
oUTXNigXBYA 8 447.898 113
oqtICivHKoU 5 130.64000000000001 22
oxVC6ZMaFWo 2 911.232 51
p-T0QZOqCvE 3 520.34 96
pCuLFZ5lKrY 2 306.421 50
pDK8Vt8Ng9Y 21 424.4 78
pFUXcA1fp6g 2 516.9530000000001 84
pHtD8xRXn98 3 210.584 11
pM21uQR6G_Q 2 138.688 56
pZ5bBo7yDPk 8 1113.002 180
pcge_OHwfSc 11 181.877 32
pg9pNtUy5ig 6 112.232 9
piKZ5Dihrf8 8 1200.1000000000001 169
pka5SoaLYV0 4 134.144 24
poq5ZrAc7pk 19 1199.8200000000002 134
ppAba1YPwDk 2 385.625 61
pqbpBYPQPL0 2 281.382 5
pt4IugRLvxo 13 1166.168 289
ptKqFafZgCk 8 413.44 73
pxqxZQJqSgg 10 518.44 21
q-C5WlAuqeQ 8 945.5269999999999 208
q2Sdq_XuCYg 2 441.502 57
q4aShvqR0ss 10 1200.116 106
q6zpOA1W4Sk 9 318.05 62
q7mKvYzAd4Y 2 99.74000000000001 4
q838Bo_Oe7M 8 100.075 15
q8fBOHD7eRg 5 91.83999999999999 8
q8yVw7sfT8E 1 861.1070000000001 63
q9xXB-_Bx-Q 6 262.962 18
qExQ3Tp-9cg 8 208.2 19
qG3eNG2rO7o 3 402.074 55
qG6J0Whkzrs 6 902.148 157
qG6XE_u8eZI 5 70.47999999999999 9
qTAOG3M6LFk 1 94.773 10
qUANKbaxN1Y 12 1200.09 78
qX9N-fwlFvo 8 1200.12 62
qddvC542UNE 12 1129.9 128
qeWvgZLz9yU 1 350.961 9
qhbm23KPn64 2 364.66 44
qk2SrNp6hPE 4 617.325 13
qmfRJ9rB-uM 3 124.19 8
qzhxjWRlCJA 3 164.627 26
r2rpljl5Cs0 5 434.84 18
r8_eI-stGQc 5 323.78 72
r99jwG6EePo 10 662.16 42
rDkAdqKqLtg 9 1200.1000000000001 71
rJHJwTP40Ok 5 499.79400000000004 59
rPDv3OpjsVA 2 48.961 3
rRzn6168oiA 6 1019.877 154
rUjx2lChTMQ 4 194.2 25
rbqcix22u8U 12 686.515 127
rdCwqWx4_bo 4 302.627 19
rdgDWYIYyAQ 1 121.855 3
rf1bARsOXLY 4 188.92000000000002 10
rgUvhNlGV0s 2 254.53 49
rhe0CdfsAfI 5 119.384 23
rkeiG9jyecM 6 1176.5 277
rohvucQtdU0 7 1199.544 160
rsprvQuw4tc 4 38.24 7
rt9XeA5GNlo 8 1141.6000000000001 249
s1gI93MiOzU 2 294.02 40
s2KCEI4zmkA 3 154.88 41
sDtMlnxv7Xs 17 959.475 141
sFkEPGAIoA4 5 442.76000000000005 39
sS98DKaYPjk 6 490.52 56
sVF5grKtFok 4 1199.9889999999998 424
sgCcKmulOxQ 4 431.16 30
sgykM4dCQo8 6 236.424 43
so9aSb9RA6I 7 1200.0600000000002 74
sq05Qt_csYI 5 614.913 26
sw3wjHovnJU 11 1200.076 59
syRSAE6EPnA 4 403.6 33
tHX7fMh85kY 1 31.737000000000002 6
tLHl1hOzOkk 5 1200.073 100
tNv0rRv-FeM 2 74.84 2
tPkB_Y_JAA0 4 439.499 49
tRry_4ZqGVg 12 1199.627 67
tSYHRswflkY 12 289.187 34
tUsEh2BGobs 4 106.4 9
tbiK25Kb5qA 10 424.398 51
tcpCOa9iuHQ 8 962.947 131
tnZ0OGsYhHI 4 253.88 15
tqZ_S4ydWVU 4 429.44 37
tubBx97lwHM 5 567.04 54
u0pJ0BrbuwE 2 138.38 6
u2VPSE-tg_E 6 122.24 12
u2_WUYz-5tA 1 112.711 2
uDTMGgE5ojU 7 308.16 44
uE3ETfo7N1g 2 43.76 4
uEmUJcHysds 8 515.127 109
uEmuEXqhxDQ 4 1017.707 53
uH2CRsZ0dpQ 7 544.52 16
uHGiUZ33H-8 9 1200.08 166
uHdDKIhqSIM 4 135.15200000000002 20
uNcEtbgApRA 5 111.98 17
uS0KsUJhzwk 6 866.727 136
uSwJuOPG4FI 3 1199.9820000000002 65
uTCaSbeBX6k 3 345.61999999999995 35
uePZw8RnM_4 8 1200.12 67
ufHgnPCH-NU 11 916.0250000000001 263
unVwN9acrrA 4 214.96 55
uyht4l5z4-Q 2 44.565 5
vC_vRLvcIhw 4 197.52 21
vHxROVDBCGM 17 1096.017 46
vJ6MrDO0kgY 14 1200.073 54
vNBZIrzkZ7E 9 1200.1200000000001 59
vQzaEz9JupE 10 989.7280000000001 163
vZNrfHrT0eQ 8 121.97999999999999 15
v_xHYmjhg1Q 4 142.43200000000002 13
vk22sg2JRF8 1 1019.2520000000001 1
vp4mAPoTJrI 2 218.83999999999997 4
vsx-S1cLk3E 3 292.48 15
vuPLJcVxPa0 5 168.28 31
w6Sv19MmRLc 5 1199.028 332
w7B_nepK_4U 8 1200.1 201
wEGxmVUQBTs 2 156.07999999999998 5
wEPLA0ZvIKw 5 145.28 29
wEs7pJH2mqQ 3 426.711 15
wKgFGJQy0Ok 3 299.98199999999997 105
wTe5lIlVBdU 6 727.5740000000001 69
wUZV9-Ak-ak 3 349.52000000000004 20
wWa-yUgHwn8 17 1200.104 292
wdNYMAGf5UU 2 369.91900000000004 20
wgDzCD7mNQ0 4 106.12 6
wgSZA3NPpBs 6 1200.1200000000001 122
woPdmXeE0gY 4 236.931 22
wsTYso3hmEA 9 439.03999999999996 144
wup4VObBTh8 4 664.38 86
wwgT05N3aUU 11 1200.08 163
x--CqZ7gdPjY 4 114.49199999999999 19
x-A0D_h5N35g 2 1200.086 159
x-FgzJBfGgBU 6 300.81500000000005 23
x-PI3AN96MPc 1 185.419 17
x-W77154J0-w 4 43.003 15
x-Zc8ZRedRvc 2 1200.08 355
x-b2tvXGEuqY 1 383.44 8
x-bMi_krOzKE 15 891.2669999999999 147
x-dABvHq-wkY 8 1200.1 49
x-geNnLDZINU 6 1199.315 218
x-kAjmGqDX9M 5 1200.065 116
x-lSIdJlSHQQ 16 946.461 97
x-nO3dBeh5n0 3 675.857 39
x-p3bGPebr_E 11 1200.068 83
x-r9RLc8urBI 10 277.211 28
x-rIHD7g1Q3U 10 1200.0230000000001 86
x-w2F_BcYiNM 7 582.688 29
x-yc-OWWyk20 2 184.33599999999998 21
x1CV-l8fzKk 15 1200.128 76
x6_Aqp091rE 10 622.38 41
x8PCoSsqt9M 7 1200.1 133
xOVQPtuKRs4 5 137.04399999999998 25
xdIp5vKuUSc 3 1200.1200000000001 53
xgigtyZQ6co 2 463.79999999999995 105
xiKrWUoTq4s 6 341.107 56
xkDh8Cla5NA 2 207.34 6
xl9XI_LvkHg 3 439.72 92
xy52e6YrPJY 3 1200.1000000000001 167
y18IXhpclTM 7 1200.1200000000001 33
y1sxmQS-8vk 13 951.065 195
y6sXHPfoPgE 4 343.315 40
y7UfrlbJQR0 4 178.88 25
y82TDJci01g 2 65.44 14
yBaL-ZVTYA0 7 1200.0739999999998 81
yCDWCK0Rmxg 10 1200.114 70
yEPSJF7BYOo 3 433.981 106
yHA2HbNtcG4 2 617.54 69
yVKsL07conY 4 283.87 47
yYQKZV5pAYU 8 660.586 15
ycfi0YF3d3M 4 546.0 27
ykbPLogCJs8 3 294.46 21
yx3ctIv5Tf8 12 546.0400000000001 118
z0hrMg1j_d4 5 636.964 62
z6tcnpDKDns 1 135.68 5
zL8JLf_A8mA 8 1047.26 279
zLQVopZO_ys 7 126.44 23
zMS5EAE3lOc 4 1061.1689999999999 93
zUZV4FFHjiI 4 404.606 36
zXK6tYb7lVk 18 1200.0880000000002 64
zk_1KXICIeE 12 130.64 17
zmvmEEFCQ3Y 4 164.273 40
zqf2v946YJI 13 1199.993 106
zt77yUMUmog 21 1019.0 115
zx0kV-Ddxqw 5 160.60000000000002 15
